<?xml version="1.0"?>
<opencv_storage>
<Mat type_id="opencv-matrix">
  <rows>46</rows>
  <cols>34</cols>
  <dt>u</dt>
  <data>
    5 5 3 5 0 0 10 0 0 0 3 0 0 13 0 255 255 250 0 17 0 0 12 0 0 3 0 0 8
    0 2 4 0 0 3 0 3 0 14 13 0 13 8 0 248 255 255 245 255 240 255 248 254
    250 250 0 1 0 6 0 18 0 0 13 0 0 0 0 6 0 20 0 0 0 4 248 255 246 255
    255 227 255 243 255 252 255 255 255 255 246 253 255 255 255 0 31 0 0
    17 6 0 0 0 8 0 5 5 0 255 255 255 250 238 255 253 255 237 255 248 253
    245 251 241 255 255 252 247 255 248 2 0 4 0 0 0 0 0 2 0 1 8 255 252
    241 255 247 255 255 255 255 255 244 255 249 253 255 255 244 255 248
    255 255 255 247 255 0 19 0 0 0 1 7 3 0 253 245 250 255 254 255 249
    238 246 250 244 255 246 255 234 255 249 255 255 244 251 255 247 251
    255 255 0 0 0 0 0 10 0 241 255 254 247 254 255 237 255 255 255 251
    255 255 255 253 255 255 255 235 255 255 253 255 255 251 249 245 0 7
    0 0 3 0 255 255 230 255 251 250 255 255 244 248 251 255 242 255 253
    253 255 245 255 255 247 248 252 255 253 251 255 255 255 2 0 0 0 0
    250 254 246 255 255 251 246 255 242 255 255 255 0 12 0 1 6 0 255 249
    255 255 246 255 240 255 250 255 241 13 0 0 10 0 255 255 255 250 249
    253 255 247 255 248 0 24 0 0 17 0 10 16 0 3 255 254 255 255 239 255
    255 251 255 241 10 0 0 0 252 248 237 255 249 255 246 236 255 0 4 0 0
    4 0 0 13 0 2 19 245 250 248 254 255 255 255 255 243 255 0 4 13 255
    250 255 255 246 248 252 255 255 253 8 0 0 14 1 5 2 5 5 6 4 251 255
    251 255 255 235 251 255 245 249 10 6 0 255 244 255 238 255 255 253
    242 248 14 0 1 2 0 0 0 7 0 0 2 0 0 252 255 252 252 255 253 251 255
    255 4 0 0 255 243 255 255 233 255 246 255 249 0 5 10 0 1 2 0 8 0 9 2
    0 17 255 255 251 250 255 255 242 255 240 255 38 16 224 255 255 246
    253 255 247 255 246 2 1 0 23 0 0 22 0 10 0 8 16 0 1 255 255 250 246
    250 255 255 253 241 0 0 255 241 255 255 255 247 255 255 255 0 2 2 0
    6 0 0 8 0 8 0 0 12 0 244 255 255 251 255 255 242 255 255 0 13 241
    255 250 255 240 255 246 255 252 0 3 4 0 0 6 0 0 0 0 0 0 0 0 255 255
    255 255 255 255 255 255 254 3 241 255 251 255 255 239 255 255 244
    255 0 2 0 0 7 0 0 0 0 0 0 0 0 0 255 255 255 255 255 255 255 255 254
    3 255 243 255 255 255 255 254 248 255 224 9 8 0 0 8 0 0 0 0 0 0 0 0
    0 255 255 255 255 255 255 255 255 254 3 249 245 255 251 235 255 255
    251 245 255 0 8 0 16 4 0 0 0 0 0 0 0 0 0 255 255 255 255 255 255 255
    255 254 3 255 255 251 253 255 252 252 255 253 1 0 0 1 0 0 16 0 0 0 0
    0 0 0 0 255 255 255 255 255 255 255 255 254 3 240 255 242 255 255
    250 251 255 255 0 16 6 1 12 0 0 0 0 0 0 0 0 0 0 255 255 255 255 255
    255 255 255 254 3 253 255 255 250 246 250 255 255 244 5 0 0 1 0 2 8
    0 0 0 0 0 0 0 0 255 255 255 255 255 255 255 255 254 3 255 242 255
    255 251 255 255 244 254 255 0 7 4 0 11 0 0 0 0 0 0 0 0 0 255 255 255
    255 255 255 255 255 254 3 253 255 246 255 255 255 255 253 255 252 0
    3 4 0 0 6 6 0 0 0 2 5 0 0 255 255 255 255 255 255 255 255 255 6 238
    255 252 255 255 255 252 255 244 255 0 2 0 0 7 0 0 0 6 7 0 0 0 10 255
    255 255 255 255 255 255 255 240 1 255 255 251 238 255 255 248 255
    255 224 9 8 0 0 8 0 6 1 0 0 6 12 4 0 255 255 255 255 255 255 255 255
    255 9 242 240 255 255 255 249 244 255 245 255 0 8 0 16 4 0 0 12 5 2
    0 4 6 10 255 255 255 255 255 255 255 255 244 0 255 252 253 255 252
    255 255 254 253 1 0 0 1 0 0 16 0 4 0 3 7 0 0 4 255 255 255 255 255
    255 255 255 255 0 231 255 246 255 247 255 255 250 255 0 16 6 1 12 0
    0 8 3 0 2 0 0 38 255 255 255 255 255 255 255 255 255 232 5 21 233
    255 255 249 248 240 255 244 5 0 0 1 0 2 8 0 0 0 9 12 0 0 241 255 255
    255 255 255 255 255 255 22 0 0 255 251 245 255 255 241 255 254 255 0
    7 4 0 11 0 0 5 11 0 0 8 0 255 255 255 255 255 255 255 255 255 0 8 2
    255 248 255 239 255 249 254 243 255 4 7 0 6 0 0 5 0 10 0 1 0 4 247
    252 255 255 247 255 255 248 255 0 0 8 0 245 248 255 248 249 255 255
    253 0 0 3 0 1 0 0 3 17 0 8 5 18 248 255 255 244 255 249 249 255 243
    0 0 0 15 255 253 255 236 255 255 247 250 255 2 0 15 3 0 11 0 0 8 0 1
    0 255 254 242 255 255 255 253 249 255 0 0 12 0 255 251 241 255 254
    253 255 248 246 11 0 0 0 0 0 0 5 0 15 0 255 247 248 255 248 255 244
    250 255 0 0 0 0 2 250 255 244 253 255 244 247 247 255 245 0 10 14 0
    5 3 2 12 0 243 255 253 248 249 255 248 255 249 227 8 0 0 0 12 248
    255 255 236 251 255 253 255 253 255 242 2 0 0 0 0 249 255 255 255
    255 239 255 255 246 247 252 255 255 3 0 0 4 7 0 255 230 255 255 251
    251 255 255 244 255 255 224 255 255 255 255 243 255 247 245 255 255
    246 255 255 255 230 20 0 0 0 5 0 0 12 253 254 255 249 255 253 249
    255 251 247 255 246 255 242 255 247 255 255 255 254 255 252 255 248
    254 255 0 12 0 0 0 13 0 13 0 252 253 254 255 255 255 253 252 254 255
    246 248 255 243 255 254 255 244 255 255 243 255 251 251 3 2 0 0 0 0
    0 6 0 10 0 255 255 254 241 255 255 254 253 247 251 255 251 255 255
    246 244 255 250 253 254 255 250 16 0 1 8 0 0 7 0 0 0 2 0 0 240 252
    255 248 250 255 252 255 255 255 236 249 255 244 255 255 250 255 245
    253 16 0 0 14 0 0 0 3 0 10 0 4 0 28 7 0 255 227 255 242 255 255 243
    251 255 255 240 255 244 241 255 255 0 0 9 0 19 4 0 0 0 0 7 0 0 17 0
    0 0 7 0 9 9 5 0 253 255 254 255 236 255 0 20 0 2 15 0 14 0 1 0 0 14
    0 0 0 2 14 0 0 0 15 0 0 0 0 0 0 0 10 0 3 2 0 0 0 0 0 0 0 16 7 4 5 16
    0 0 0 0</data></Mat>
</opencv_storage>
