<?xml version="1.0"?>
<opencv_storage>
<Mat type_id="opencv-matrix">
  <rows>48</rows>
  <cols>36</cols>
  <dt>u</dt>
  <data>
    255 255 255 255 255 255 255 255 255 244 255 255 249 255 255 255 255
    255 255 255 255 255 255 255 255 255 255 255 255 255 255 255 255 255
    244 0 255 255 255 255 255 255 255 255 255 255 244 255 255 255 252
    247 255 255 255 255 255 255 255 255 255 255 255 255 255 255 255 255
    245 255 248 21 255 255 255 255 255 255 255 255 250 255 243 254 250
    248 246 255 255 255 255 255 255 255 255 255 255 255 255 255 255 255
    255 255 255 248 255 0 255 255 255 255 255 255 255 255 243 255 255
    255 255 255 255 255 255 255 255 255 255 255 255 255 255 255 255 255
    255 255 255 255 255 254 255 0 255 255 255 255 255 255 255 255 255
    242 255 244 243 254 251 241 255 255 255 255 255 255 255 255 255 255
    255 255 255 255 255 255 252 255 228 14 255 255 255 255 255 255 255
    255 254 242 255 255 251 255 255 255 255 255 255 255 255 255 255 255
    255 255 255 255 255 255 255 255 254 253 255 0 255 255 255 255 255
    255 255 255 248 255 230 255 255 255 244 249 255 255 255 255 255 255
    255 255 255 255 255 255 255 255 255 255 249 255 251 0 255 255 255
    255 255 255 255 255 255 250 4 0 0 7 0 7 255 255 255 255 255 255 255
    255 255 255 255 255 255 255 255 255 255 254 2 10 255 255 255 255 255
    255 255 255 254 3 0 2 0 0 1 0 0 0 0 0 0 0 0 0 0 0 0 0 0 0 0 0 0 0 0
    0 255 255 255 255 255 255 255 255 254 3 0 2 0 0 1 0 0 0 0 0 0 0 0 0
    0 0 0 0 0 0 0 0 0 0 0 0 255 255 255 255 255 255 255 255 254 3 0 2 0
    0 1 0 0 0 0 0 0 0 0 0 0 0 0 0 0 0 0 0 0 0 0 0 255 255 255 255 255
    255 255 255 254 3 0 2 0 0 1 0 0 0 0 0 0 0 0 0 0 0 0 0 0 0 0 0 0 0 0
    0 255 255 255 255 255 255 255 255 254 3 0 2 0 0 1 0 0 0 0 0 0 0 0 0
    0 0 0 0 0 0 0 0 0 0 0 0 255 255 255 255 255 255 255 255 254 3 0 2 0
    0 1 0 0 0 0 0 0 0 0 0 0 0 0 0 0 0 0 0 0 0 0 0 255 255 255 255 255
    255 255 255 254 3 0 2 0 0 1 0 0 0 0 0 0 0 0 0 0 0 0 0 0 0 0 0 0 0 0
    0 255 255 255 255 255 255 255 255 254 3 0 2 0 0 1 0 0 0 0 0 0 0 0 0
    0 0 0 0 0 0 0 0 0 0 0 0 255 255 255 255 255 255 255 255 255 0 6 0 0
    10 3 0 0 0 0 0 0 0 0 0 0 0 9 0 6 0 0 1 0 0 0 0 255 255 255 255 255
    255 255 255 242 0 0 13 10 1 0 0 3 3 3 3 3 3 3 3 15 5 2 0 0 2 0 0 0 0
    0 0 255 255 255 255 255 255 255 255 250 32 0 0 0 0 0 3 0 0 0 0 0 0 0
    0 0 0 0 252 255 242 255 0 0 0 0 0 255 255 255 255 255 255 255 255
    255 222 255 255 255 247 255 255 255 255 255 255 255 255 255 255 255
    255 255 255 255 255 234 255 0 0 0 0 255 255 255 255 255 255 255 255
    255 255 255 248 255 255 255 239 254 254 254 254 254 254 254 254 248
    248 254 251 252 241 255 252 0 0 0 0 255 255 255 255 255 255 255 255
    239 255 255 255 252 242 255 255 255 255 255 255 255 255 255 255 255
    248 251 254 255 250 255 239 0 0 0 0 255 255 255 255 255 255 255 255
    255 253 243 252 255 255 255 255 255 255 255 255 255 255 255 255 251
    254 255 253 249 249 249 255 0 0 0 0 255 255 255 255 255 255 255 255
    249 253 255 255 250 253 250 255 253 253 253 253 253 253 253 253 255
    253 253 255 255 255 241 255 0 0 0 0 255 255 255 255 255 255 255 255
    254 254 246 255 255 252 253 253 254 254 254 254 254 254 254 254 255
    244 255 255 245 255 255 252 0 0 0 0 255 255 255 255 255 255 255 255
    255 247 255 244 248 255 255 247 255 255 255 255 255 255 255 255 242
    255 246 254 255 253 250 254 0 0 0 0 255 255 255 255 255 255 255 255
    240 255 0 22 1 0 0 16 0 0 0 0 0 0 0 0 255 255 255 255 221 255 255 5
    0 0 0 0 255 255 255 255 255 255 255 255 255 0 20 0 0 1 14 0 3 3 3 3
    3 3 3 3 0 11 0 0 9 0 0 0 0 0 0 0 255 255 255 255 255 255 255 255 253
    0 0 8 0 0 5 13 0 0 0 0 0 0 0 0 0 0 0 0 6 19 12 0 0 0 0 0 255 255 255
    255 255 255 255 255 252 14 1 6 12 0 0 0 2 2 2 2 2 2 2 2 2 4 3 0 2 3
    0 10 0 0 0 0 255 255 255 255 255 255 255 255 255 0 0 0 7 15 11 5 0 0
    0 0 0 0 0 0 0 13 0 0 11 0 0 11 0 0 0 0 255 255 255 255 255 255 255
    255 249 1 14 0 6 0 0 5 0 0 0 0 0 0 0 0 0 5 0 10 0 0 23 0 0 0 0 0 255
    255 255 255 255 255 255 255 255 6 0 8 0 8 1 6 0 0 0 0 0 0 0 0 0 0 0
    0 0 0 0 0 0 0 0 0 255 255 255 255 255 255 255 255 238 11 0 0 3 0 4 0
    0 0 0 0 0 0 0 0 0 0 0 0 0 0 0 0 0 0 0 0 255 255 255 255 255 255 255
    255 255 0 15 13 0 2 0 4 0 0 0 0 0 0 0 0 0 0 0 0 0 0 0 0 0 0 0 0 255
    255 255 255 255 255 255 255 255 0 0 9 0 13 0 15 0 0 0 0 0 0 0 0 0 0
    0 0 0 0 0 0 0 0 0 0 255 255 255 255 255 255 255 255 243 29 0 0 6 7 0
    0 0 0 0 0 0 0 0 0 0 0 0 0 0 0 0 0 0 0 0 0 255 255 255 255 255 255
    255 255 255 0 13 4 4 0 0 0 0 0 0 0 0 0 0 0 0 0 0 0 0 0 0 0 0 0 0 0
    255 255 255 255 255 255 255 255 252 4 0 4 0 0 0 12 0 0 0 0 0 0 0 0 0
    0 0 0 0 0 0 0 0 0 0 0 255 255 255 255 255 255 255 255 255 252 0 6 8
    0 1 0 0 0 0 0 0 0 0 0 0 0 0 0 0 0 0 0 0 0 0 0 247 255 247 255 255
    255 241 255 255 252 0 0 7 2 0 13 0 0 0 0 0 0 0 0 0 0 0 0 0 0 0 0 0 0
    0 0 255 255 255 239 249 252 255 255 254 255 9 0 17 0 0 0 0 0 0 0 0 0
    0 0 0 0 0 0 0 0 0 0 0 0 0 0 255 246 253 255 255 252 253 251 252 248
    5 0 0 0 2 5 0 0 0 0 0 0 0 0 0 0 0 0 0 0 0 0 0 0 0 0 255 255 255 227
    255 250 255 255 255 255 0 18 6 6 0 0 0 0 0 0 0 0 0 0 0 0 0 0 0 0 0 0
    0 0 0 0 252 247 244 255 255 255 253 255 244 255 0 0 8 0 11 0 0 0 0 0
    0 0 0 0 0 0 0 0 0 0 0 0 0 0 0 0 255 255 255 245 255 250 243 242 255
    0 0 5 0 13 0 4 0 0 0 0 0 0 0 0 0 0 0 0 0 0 0 0 0 0 0 0 0 4 255 255
    255 236 255 10 0 11 19 0 15 0 4 2 0 0 0 0 0 0 0 0 0 0 0 0 0 0 0 0 0
    0 0 0 0 2 0 2 0 8 0 0 0 1 0 0 0 13 0 4 0 0 0 0 0 0 0 0 0 0 0 0 0 0 0
    0 0 0 0 0</data></Mat>
</opencv_storage>
