<?xml version="1.0"?>
<opencv_storage>
<Mat type_id="opencv-matrix">
  <rows>31</rows>
  <cols>28</cols>
  <dt>u</dt>
  <data>
    0 0 0 0 0 0 0 0 0 0 255 255 255 255 255 255 255 255 0 0 0 0 0 0 0 0
    0 0 0 0 0 0 0 0 0 0 0 255 255 255 255 255 255 255 255 255 255 0 0 0
    0 0 0 0 0 0 0 0 0 0 0 0 0 0 0 255 255 255 255 255 255 255 255 255
    255 0 0 0 0 0 0 0 0 0 0 0 0 0 0 0 0 0 0 255 255 255 255 255 255 255
    255 255 255 255 0 0 0 0 0 0 0 0 0 0 0 0 0 0 0 0 255 255 255 255 255
    255 255 255 255 255 255 255 0 0 0 0 0 0 0 0 0 0 0 0 0 0 0 0 255 255
    255 255 255 255 255 255 255 255 255 255 0 0 0 0 0 0 0 0 0 0 0 0 0 0
    0 0 255 255 255 255 255 255 255 255 255 255 255 255 255 0 0 0 0 0 0
    0 0 0 0 0 0 0 0 255 255 255 255 255 255 255 255 255 255 255 255 255
    255 0 0 0 0 0 0 0 0 0 0 0 0 0 0 255 255 255 255 255 255 0 0 255 255
    255 255 255 255 0 0 0 0 0 0 0 0 0 0 0 0 0 0 255 255 255 255 255 0 0
    0 0 255 255 255 255 255 255 0 0 0 0 0 0 0 0 0 0 0 0 0 255 255 255
    255 255 0 0 0 0 255 255 255 255 255 255 0 0 0 0 0 0 0 0 0 0 0 0 0
    255 255 255 255 0 0 0 0 0 0 255 255 255 255 255 0 0 0 0 0 0 0 0 0 0
    0 0 255 255 255 255 255 0 0 0 0 0 0 255 255 255 255 255 255 0 0 0 0
    0 0 0 0 0 0 0 255 255 255 255 255 0 0 0 0 0 0 255 255 255 255 255
    255 0 0 0 0 0 0 0 0 0 0 255 255 255 255 255 255 0 0 0 0 0 0 255 255
    255 255 255 255 0 0 0 0 0 0 0 0 0 0 255 255 255 255 255 0 0 0 0 0 0
    0 0 255 255 255 255 255 255 0 0 0 0 0 0 0 0 0 255 255 255 255 255 0
    0 0 0 0 0 0 0 255 255 255 255 255 255 0 0 0 0 0 0 0 0 255 255 255
    255 255 255 0 0 0 0 0 0 0 0 255 255 255 255 255 255 0 0 0 0 0 0 0 0
    255 255 255 255 255 255 255 0 0 0 0 0 0 255 255 255 255 255 255 255
    255 0 0 0 0 0 0 255 255 255 255 255 255 255 255 255 255 0 0 255 255
    255 255 255 255 255 255 255 255 0 0 0 0 0 0 255 255 255 255 255 255
    255 255 255 255 255 255 255 255 255 255 255 255 255 255 255 255 0 0
    0 0 0 255 255 255 255 255 255 255 255 255 255 255 255 255 255 255
    255 255 255 255 255 255 255 255 255 0 0 0 0 255 255 255 255 255 255
    255 255 255 255 255 255 255 255 255 255 255 255 255 255 255 255 255
    255 0 0 0 0 255 255 255 255 255 255 255 255 0 0 0 0 0 0 0 0 255 255
    255 255 255 255 255 255 0 0 0 255 255 255 255 255 255 255 255 0 0 0
    0 0 0 0 0 0 0 255 255 255 255 255 255 255 255 0 0 255 255 255 255
    255 255 255 0 0 0 0 0 0 0 0 0 0 0 0 255 255 255 255 255 255 255 0 0
    255 255 255 255 255 255 255 0 0 0 0 0 0 0 0 0 0 0 0 0 255 255 255
    255 255 255 255 255 255 255 255 255 255 255 0 0 0 0 0 0 0 0 0 0 0 0
    0 0 255 255 255 255 255 255 255 255 255 255 255 255 255 255 0 0 0 0
    0 0 0 0 0 0 0 0 0 0 0 255 255 255 255 255 255 255 255 255 255 255
    255 0 0 0 0 0 0 0 0 0 0 0 0 0 0 0 0 255 255 255 255 255 255 0 255
    255 255 255 0 0 0 0 0 0 0 0 0 0 0 0 0 0 0 0 0 0 0 255 255 255 255</data></Mat>
</opencv_storage>
