<?xml version="1.0"?>
<opencv_storage>
<Mat type_id="opencv-matrix">
  <rows>52</rows>
  <cols>52</cols>
  <dt>u</dt>
  <data>
    0 2 1 0 2 1 0 0 0 0 0 0 0 1 0 0 0 255 255 254 255 254 255 253 255
    255 253 255 254 255 255 255 0 0 1 1 0 2 0 0 0 4 0 0 1 0 1 0 0 0 0 0
    0 0 1 0 0 2 0 5 1 0 3 0 1 0 255 254 255 255 251 254 255 254 253 255
    254 255 253 255 254 251 255 254 252 255 251 255 0 0 2 2 0 2 0 5 0 0
    0 0 0 0 0 0 3 0 3 0 0 0 4 0 0 1 0 2 254 254 252 255 252 254 255 255
    255 252 255 254 255 253 255 250 255 255 255 255 255 254 255 255 254
    255 0 0 0 0 2 0 1 1 0 2 0 0 0 0 0 0 0 6 2 0 0 0 0 0 255 255 253 255
    255 255 255 253 255 254 255 255 255 254 254 255 255 255 252 255 255
    254 254 254 255 254 254 255 254 255 1 0 0 3 0 0 3 0 0 0 0 0 0 3 0 0
    0 4 0 3 1 255 255 252 255 253 255 252 254 255 255 254 252 255 252
    253 255 250 253 255 254 255 255 251 255 255 255 254 255 255 255 255
    255 0 3 2 0 1 2 0 0 0 0 0 0 0 2 0 0 0 3 253 255 252 255 255 255 255
    255 255 254 255 255 255 255 254 255 255 253 255 254 255 255 253 255
    255 252 254 255 255 255 254 254 255 254 254 0 0 0 1 0 2 0 0 0 0 1 0
    2 0 0 0 255 255 255 250 255 254 253 255 255 255 255 253 254 255 255
    255 253 255 255 254 253 255 255 253 255 255 255 255 254 255 254 255
    255 253 255 255 255 255 0 1 0 2 0 0 0 0 0 3 0 1 3 254 255 254 253
    255 255 253 255 255 255 253 255 255 255 253 255 254 0 0 0 3 0 0 0
    255 253 255 254 255 254 254 255 255 253 255 255 253 254 255 255 0 2
    0 0 0 0 0 2 0 1 0 255 255 254 255 255 254 253 255 253 255 255 255
    255 255 0 0 1 0 0 1 0 0 0 0 0 0 0 0 255 255 254 255 254 255 255 255
    252 255 254 252 255 0 0 0 0 3 0 0 0 0 0 4 253 252 255 255 253 254
    255 252 255 254 255 254 0 0 0 7 0 0 2 0 0 0 0 0 0 0 0 0 0 0 253 255
    255 254 255 252 255 253 255 255 252 255 0 3 0 1 0 0 3 0 1 252 255
    255 253 255 255 255 255 253 254 254 252 2 2 1 0 0 1 0 2 0 0 0 0 0 0
    0 0 0 0 2 1 255 255 255 255 255 252 255 255 252 254 255 255 0 0 0 0
    4 0 0 1 255 254 255 255 253 254 255 252 255 255 255 2 0 0 0 1 0 0 2
    0 1 0 0 0 0 0 0 0 0 5 0 0 0 0 254 255 252 255 255 255 255 255 253
    252 3 3 0 0 1 0 5 251 255 253 252 255 255 253 255 255 253 255 0 1 0
    2 2 3 0 2 0 0 1 0 0 0 0 0 0 0 0 0 2 0 0 3 0 254 255 255 248 255 254
    255 255 255 251 0 2 0 1 0 0 255 255 255 255 255 254 255 251 255 255
    1 1 0 3 0 0 0 1 0 1 0 1 0 0 0 0 0 0 0 0 0 1 0 0 0 1 255 255 252 255
    254 253 255 252 255 255 255 0 0 0 1 255 255 255 251 255 255 255 255
    255 255 0 2 0 0 1 0 5 0 0 3 0 1 0 0 0 0 0 0 0 0 0 3 0 2 2 0 0 0 254
    253 255 255 254 255 255 255 253 255 1 3 1 0 253 255 254 255 255 254
    255 255 251 255 0 0 0 2 0 1 0 0 1 0 3 0 1 0 0 0 0 0 0 0 0 0 2 0 0 1
    0 0 255 255 253 254 255 255 255 254 255 255 1 0 0 0 254 255 255 253
    255 255 254 252 255 2 0 1 0 0 3 0 0 0 0 0 0 0 0 0 0 0 0 0 0 0 0 0 0
    0 0 0 0 0 0 253 255 255 255 254 255 252 255 254 255 0 1 254 254 255
    255 255 254 252 255 255 252 0 0 0 4 0 0 0 0 0 0 0 0 0 0 0 0 0 0 0 0
    0 0 0 0 0 0 0 0 0 0 255 253 252 255 254 255 255 255 255 255 0 1 255
    255 255 251 255 255 253 255 252 255 1 1 0 0 1 0 0 0 0 0 0 0 0 0 0 0
    0 0 0 0 0 0 0 0 0 0 0 0 0 0 0 255 255 251 255 255 251 255 255 255 0
    1 255 254 253 255 254 255 255 255 255 0 0 0 0 1 1 1 0 0 0 0 0 0 0 0
    0 0 0 0 0 0 0 0 0 0 0 0 0 0 0 0 0 254 254 255 251 255 255 255 252
    255 0 2 255 255 255 253 255 255 255 253 255 0 0 3 0 1 0 1 0 0 0 0 0
    0 0 0 0 0 0 0 0 0 0 0 0 0 0 0 0 0 0 0 2 253 254 255 255 255 252 255
    255 253 254 0 253 254 254 255 255 254 255 253 254 0 2 0 0 2 0 0 0 0
    0 0 0 0 0 0 0 0 0 0 0 0 0 0 0 0 0 0 0 0 0 0 0 254 255 253 251 255
    255 255 254 255 255 0 255 253 255 255 253 255 250 255 255 3 0 0 1 1
    0 0 0 0 0 0 0 0 0 0 0 0 0 0 0 0 0 0 0 0 0 0 0 0 0 0 0 255 253 255
    254 255 255 251 253 255 255 0 255 252 255 255 255 254 255 254 255 0
    0 2 1 0 2 0 0 0 0 0 0 0 0 0 0 0 0 0 0 0 0 0 0 0 0 0 0 0 0 0 0 1 255
    255 255 253 255 255 255 255 254 0 254 255 254 255 254 253 255 255
    255 0 0 0 0 2 0 1 0 0 0 0 0 0 0 0 0 0 0 0 0 0 0 0 0 0 0 0 0 0 0 0 0
    0 254 255 254 254 255 254 255 254 255 0 254 255 254 254 255 255 255
    253 253 3 0 1 0 0 2 0 0 0 0 0 0 0 0 0 0 0 0 0 0 0 0 0 0 0 0 0 0 0 0
    0 1 0 255 254 255 255 254 255 252 255 253 0 255 254 255 253 255 253
    255 255 255 0 0 0 0 1 1 0 0 0 0 0 0 0 0 0 0 0 0 0 0 0 0 0 0 0 0 0 0
    0 0 0 0 0 255 255 253 255 253 255 255 252 255 0 254 255 253 253 255
    255 250 255 255 3 1 2 0 0 0 2 0 0 0 0 0 0 0 0 0 0 0 0 0 0 0 0 0 0 0
    0 0 0 0 0 1 2 254 253 254 255 255 255 254 255 255 0 255 251 255 255
    255 254 255 255 255 0 0 0 2 0 1 0 0 0 0 0 0 0 0 0 0 0 0 0 0 0 0 0 0
    0 0 0 0 0 0 0 0 253 255 255 255 254 254 255 255 254 255 0 255 255
    255 255 251 255 255 252 253 1 2 0 0 3 0 0 0 0 0 0 0 0 0 0 0 0 0 0 0
    0 0 0 0 0 0 0 0 0 0 0 1 255 255 253 255 255 255 255 255 254 0 4 0
    255 250 255 255 255 251 255 255 255 0 1 1 0 0 4 0 0 0 0 0 0 0 0 0 0
    0 0 0 0 0 0 0 0 0 0 0 0 0 0 0 255 255 255 252 255 255 255 254 253 5
    0 0 255 255 253 255 255 255 253 253 255 0 1 0 1 2 0 0 0 0 0 0 0 0 0
    0 0 0 0 0 0 0 0 0 0 0 0 0 0 0 0 0 255 255 253 255 255 253 255 255
    255 0 0 1 255 255 255 253 255 255 253 254 255 0 1 1 1 0 2 1 0 0 1 0
    3 0 1 2 0 2 0 2 1 0 1 2 0 0 0 0 0 1 0 255 253 255 255 254 255 253
    255 255 254 0 3 0 255 254 255 255 253 255 254 255 255 254 0 0 1 0 0
    0 5 0 0 3 0 1 0 0 6 0 0 0 0 255 255 254 255 2 2 0 4 0 1 254 255 255
    254 255 254 255 255 255 2 0 0 0 0 252 255 252 255 252 255 251 255
    255 2 0 1 0 1 0 0 0 1 0 1 0 1 1 0 3 2 2 254 253 255 255 254 255 0 0
    0 3 253 255 255 254 255 252 253 255 254 253 0 0 0 0 4 254 255 255
    255 255 253 255 253 255 253 0 0 1 0 2 2 3 0 2 0 0 1 1 0 0 0 255 255
    255 254 255 254 254 255 254 0 255 255 255 255 255 254 255 255 254
    255 6 0 1 3 0 0 255 253 255 254 255 252 253 255 253 255 255 2 0 1 0
    0 1 0 0 2 0 1 0 0 0 2 255 251 255 255 255 252 255 251 255 255 252
    255 254 254 255 254 252 253 255 0 0 0 3 0 2 0 1 255 254 254 253 255
    254 255 254 253 255 251 4 0 2 1 0 0 1 0 2 0 0 3 0 0 255 255 251 255
    253 255 255 254 255 253 255 253 255 253 254 252 255 253 255 1 1 1 0
    0 0 0 0 0 255 255 254 252 255 250 255 255 254 253 255 255 0 0 0 7 0
    0 2 0 1 0 1 2 252 255 255 252 255 254 255 255 255 253 255 255 253
    255 255 254 254 255 0 0 0 0 0 1 1 0 0 0 254 254 255 255 254 255 253
    255 255 255 255 255 255 255 0 0 1 0 0 1 1 0 0 0 252 255 254 255 255
    253 254 255 254 255 255 253 255 255 253 254 255 252 2 1 0 2 0 0 0 3
    0 1 3 254 255 254 254 255 254 255 252 255 255 253 255 253 255 0 0 0
    3 0 0 1 2 1 253 255 255 255 255 254 255 253 255 253 255 254 255 255
    254 253 255 255 1 0 1 0 0 0 1 0 2 0 0 0 255 255 255 253 255 254 255
    252 253 255 255 255 253 255 255 253 254 255 255 2 250 253 255 255
    252 255 253 255 253 255 255 252 255 255 253 254 255 255 255 253 2 0
    0 0 1 0 0 0 2 0 0 0 3 253 253 255 255 252 255 255 254 255 255 255
    253 255 255 254 255 253 255 255 255 255 255 251 255 255 255 253 255
    251 255 255 254 255 255 255 252 254 255 255 255 255 0 1 0 2 0 3 0 0
    0 4 0 3 255 253 252 255 255 254 255 253 251 255 255 254 255 253 250
    255 254 254 254 253 252 255 255 254 254 255 255 254 255 255 254 255
    254 254 255 255 253 254 252 255 255 255 0 0 0 0 0 6 2 0 0 0 0 1 255
    255 255 252 255 255 254 255 255 252 255 255 255 254 255 252 255 255
    255 254 254 255 255 251 255 255 255 254 255 253 255 251 255 253 255
    255 255 255 254 255 253 255 3 0 3 0 0 0 4 0 0 0 0 254 255 255 255
    253 255 255 255 255 250 255 253 255 255 255 251 254 255 255 255 255
    252 255 253 254 255 253 255 254 255 255 255 254 255 254 254 254 254
    255 255 255 0 0 1 0 0 2 0 5 1 0 2 0 0 255 255 255 254 255 251 254
    255 253 255 254 254 253 255 255 254 255 253 255 255 255 252 255 255
    0 0 255 255 251 255 253 255 255 253 255 255 255 252 255 0 2 1 0 2 1
    0 0 0 2 0 0 2 0 0 0 255 255 255 254 255 253 255 255 255 255 254 255
    255 253 255 253 254 0 1 0 0 1 0 0 255 255 253 254 255 254 255 255
