<?xml version="1.0"?>
<opencv_storage>
<Mat type_id="opencv-matrix">
  <rows>49</rows>
  <cols>41</cols>
  <dt>u</dt>
  <data>
    0 2 0 0 1 0 0 255 255 255 0 3 0 4 0 0 0 0 0 0 0 0 0 0 1 0 1 0 0 1 1
    0 0 0 0 0 0 0 0 0 0 255 255 255 255 255 255 255 255 253 255 254 251
    2 0 2 2 0 0 0 0 0 0 0 0 0 5 1 0 0 254 253 255 255 255 255 255 255
    255 255 255 0 254 253 255 255 253 253 255 255 255 253 254 255 254 1
    0 2 0 0 0 0 0 0 0 0 0 0 0 0 255 255 255 254 255 255 255 255 255 255
    255 255 255 255 255 255 252 255 255 255 255 254 254 255 255 255 255
    2 0 0 0 0 0 0 0 0 0 1 0 1 255 255 253 254 255 255 255 255 255 255
    255 255 255 255 255 253 254 254 255 255 251 255 253 255 255 252 255
    255 251 0 0 0 0 0 0 0 0 0 0 2 0 255 254 254 255 252 255 255 255 255
    255 255 255 255 255 255 255 255 255 252 254 255 255 255 255 254 255
    255 255 255 0 0 0 0 0 0 0 0 0 2 0 255 254 255 255 255 255 255 255
    255 255 255 255 255 255 254 255 255 253 255 255 255 255 254 254 253
    255 254 254 255 254 255 0 0 0 0 0 0 0 0 1 0 255 255 255 255 251 255
    255 255 255 255 255 255 255 255 255 0 255 255 254 255 255 253 255
    255 254 255 254 253 255 255 254 0 0 0 0 0 0 0 0 0 255 255 255 253
    255 253 255 255 255 255 255 255 255 255 255 255 0 254 255 255 255
    255 255 255 255 255 255 255 255 255 255 255 255 0 0 0 1 0 0 0 0 255
    255 253 255 255 255 253 255 254 252 255 253 255 255 255 0 0 7 255
    252 255 252 254 255 255 255 255 255 255 255 255 255 254 0 1 0 0 0 2
    0 0 255 250 255 255 255 251 255 254 255 255 253 255 255 255 0 0 2 0
    0 255 255 254 255 255 255 255 255 255 255 255 255 255 255 0 0 3 0 2
    0 0 255 255 255 255 251 255 255 252 255 255 255 255 255 255 0 2 0 0
    0 0 4 253 252 255 254 255 255 255 255 255 255 255 255 254 255 0 0 6
    0 0 0 255 251 255 255 255 254 255 255 255 254 255 255 254 0 0 0 0 0
    2 0 0 0 255 255 255 255 255 255 255 255 255 255 255 255 255 2 4 0 0
    1 254 254 255 253 253 255 255 250 255 255 255 255 254 2 2 0 0 0 0 1
    0 3 0 251 255 255 255 255 255 255 255 255 255 255 254 253 249 0 2 0
    1 255 255 254 255 253 255 253 255 255 251 253 254 255 0 0 1 0 0 1 0
    2 0 3 2 255 255 255 255 255 255 255 255 255 255 255 254 255 255 2 0
    0 254 254 255 254 254 255 255 255 253 255 255 255 0 0 5 0 3 0 0 0 1
    0 0 0 2 254 255 255 255 255 255 255 255 255 255 255 254 255 250 255
    255 253 254 255 254 255 254 253 255 255 255 254 0 0 1 0 1 0 0 0 0 0
    0 0 0 0 0 255 255 255 255 255 255 254 254 255 255 255 255 255 255
    255 255 255 254 255 253 255 255 254 255 255 1 0 0 2 0 0 1 0 0 0 0 0
    0 0 0 0 255 252 255 255 249 255 255 254 255 255 255 255 255 255 255
    255 254 255 255 255 255 253 255 254 1 1 0 0 0 1 3 0 0 0 0 0 0 0 0 0
    0 0 253 253 252 255 255 252 255 255 255 255 255 255 255 255 255 255
    251 255 254 253 255 255 0 0 0 0 4 0 0 2 0 0 0 0 0 0 0 0 0 0 0 5 255
    254 255 251 255 255 255 255 255 255 255 255 255 255 255 254 252 255
    255 255 253 1 1 1 2 0 1 0 0 0 0 0 0 0 0 0 0 0 0 0 0 0 254 255 255
    255 254 255 255 255 255 255 255 255 255 255 255 255 253 255 249 4 0
    0 0 0 2 0 0 0 2 0 0 0 0 0 0 0 0 0 3 2 0 255 252 255 254 254 255 255
    255 255 255 255 255 255 252 255 255 255 255 255 0 0 2 1 1 0 0 1 0 2
    0 0 0 0 0 0 0 0 0 0 0 0 0 254 255 255 253 255 255 255 255 255 255
    255 255 255 253 254 255 253 0 1 0 0 2 0 0 2 0 5 0 0 0 0 0 0 0 0 0 0
    1 0 0 0 0 255 251 255 255 255 255 255 255 255 255 255 255 253 255
    254 255 0 1 0 0 3 0 0 0 1 0 1 0 0 0 0 0 0 0 0 0 0 0 2 0 0 255 253
    255 255 255 255 255 255 255 255 255 254 255 255 253 255 0 1 0 0 0 1
    0 1 1 0 0 0 0 0 0 0 0 0 0 0 0 0 2 0 4 255 255 255 255 255 255 255
    255 255 255 255 255 250 255 255 255 0 0 2 0 0 0 1 0 1 1 0 0 0 0 0 0
    0 0 0 0 0 3 0 0 252 252 255 254 255 255 255 255 255 255 255 255 254
    255 255 253 255 255 1 0 0 0 1 1 0 0 1 2 0 0 0 0 0 0 0 0 0 0 0 0 255
    255 253 255 254 255 255 255 255 255 255 255 255 255 253 255 255 255
    254 0 0 1 0 0 0 3 0 0 0 0 0 0 0 0 0 0 0 0 0 0 3 253 254 253 253 255
    255 255 255 255 255 255 255 255 254 255 255 255 251 255 254 4 0 0 1
    0 0 1 3 0 0 0 0 0 0 0 0 0 0 0 2 254 253 255 255 254 253 255 255 255
    255 255 255 255 255 255 252 252 255 255 254 255 252 0 3 1 0 6 0 0 3
    0 0 0 0 0 0 0 0 0 0 255 252 255 253 255 255 255 255 255 255 255 255
    255 255 255 255 255 255 255 252 255 254 255 255 0 0 0 0 0 1 3 0 0 0
    0 0 0 0 0 0 255 255 253 255 255 254 254 254 255 255 255 255 255 255
    255 255 253 255 252 253 255 254 255 254 255 255 2 0 0 3 0 0 0 1 0 1
    0 0 0 0 255 255 255 255 255 255 255 255 255 254 255 255 255 255 255
    254 255 255 252 255 255 255 254 255 254 255 255 253 3 0 0 3 0 0 0 3
    0 2 2 0 1 255 255 255 255 255 255 255 255 255 255 253 255 254 252
    255 255 255 255 253 255 255 253 255 250 255 253 253 254 3 0 3 0 3 0
    2 0 1 0 0 0 255 253 255 255 255 255 255 255 255 255 255 255 255 0 1
    0 255 254 253 254 254 255 255 254 255 253 255 255 255 254 0 0 1 0 0
    0 3 1 0 0 255 254 255 255 255 255 255 255 255 255 255 255 255 0 1 0
    1 0 255 255 255 255 253 255 255 255 253 255 253 255 255 0 1 1 1 0 0
    3 0 0 3 255 253 255 255 255 255 255 255 255 255 255 255 251 1 2 0 1
    1 255 255 254 253 255 254 255 255 255 255 252 255 255 255 0 0 0 0 1
    0 2 1 253 253 254 255 255 255 255 255 255 255 255 255 254 255 0 0 3
    1 0 0 255 255 255 251 255 255 253 255 252 255 252 255 255 255 2 0 0
    0 0 1 254 255 253 255 255 255 255 255 255 255 255 255 255 253 2 1 0
    0 0 2 1 254 254 255 255 255 254 252 255 255 255 255 255 252 255 255
    2 0 0 2 254 255 254 255 255 254 255 255 255 255 255 255 255 255 255
    0 1 0 2 1 0 0 0 254 255 255 253 255 255 254 255 253 255 254 255 255
    254 0 0 0 0 253 255 255 252 255 255 255 252 255 255 254 254 254 255
    0 0 0 0 0 0 0 0 2 252 255 255 254 255 255 254 255 255 255 255 255
    255 255 255 0 0 255 255 255 255 255 254 253 253 255 255 255 255 255
    255 0 0 0 0 0 0 0 0 0 1 2 254 254 255 252 255 255 255 255 255 255
    255 255 255 255 255 255 252 254 255 249 255 255 252 255 254 255 252
    254 253 255 0 0 0 0 0 0 0 0 0 1 0 255 255 255 255 255 253 255 255
    255 255 255 255 255 255 255 255 255 254 255 255 254 252 255 253 255
    252 255 255 255 0 3 0 0 0 0 0 0 0 0 0 6 0 255 255 254 255 255 255
    255 255 255 255 255 255 255 255 254 255 255 255 252 255 255 255 255
    255 255 254 251 1 0 2 0 0 0 0 0 0 0 0 0 0 2 253 255 255 252 255 255
    255 255 255 255 255 255 255 255 255 255 254 254 255 255 254 253 255
    251 254 255 255 2 0 0 0 0 0 0 0 0 0 0 3 1 0 2 254 255 254 255 255
    255 255 255 255 255 255 255 255 255 255 255 254 255 255 255 255 254
    255 254 255 0 0 6 0 0 0 0 0 0 0 0 0 0 0 2 0 2 254 255 253 255 255
    255 255 255 255 255 255 255 255 255 254 255 254 254 255 255 255 253
    255 0 0 0 0 1 0 0 0 0 0 0 0 0 0 3 0 0 0 2 253 255 255 255 255 255
    255 255 255 255 255 255 255 255 255 255 255 255 255 255 0 0 0 0 0 0
    0 0 0 0 0 0 0 0 0 0 0 0 0 0 0 0 0 0 0 1 0 0 255 255 255 0</data></Mat>
</opencv_storage>
