<?xml version="1.0"?>
<opencv_storage>
<Mat type_id="opencv-matrix">
  <rows>40</rows>
  <cols>30</cols>
  <dt>u</dt>
  <data>
    0 1 0 1 0 0 3 0 255 255 255 254 255 253 255 255 255 251 255 0 0 1 0
    2 0 0 1 0 0 1 0 0 0 1 0 3 254 255 254 255 251 254 255 253 255 254
    252 255 255 252 255 255 253 0 2 0 2 1 0 0 0 0 0 0 0 250 255 255 255
    255 255 255 250 255 253 255 255 255 255 251 255 252 255 255 0 1 0 0
    3 0 2 0 0 254 255 255 252 255 254 255 255 252 255 255 255 254 253
    250 255 255 253 255 254 254 255 0 0 0 0 0 0 1 0 254 252 255 255 254
    251 255 255 254 255 253 250 255 254 255 253 253 255 255 254 252 254
    255 0 0 4 6 0 0 254 255 255 254 255 255 255 255 253 255 255 254 255
    253 255 252 255 255 255 252 253 255 255 253 255 1 0 0 1 0 255 254
    253 254 255 254 255 255 253 255 255 253 254 255 255 255 252 254 255
    255 253 255 255 255 255 254 3 0 1 255 255 253 255 255 250 255 255
    253 255 0 0 0 3 0 0 252 255 255 255 254 255 252 255 255 255 253 2 0
    1 255 255 253 255 255 253 254 255 255 0 1 0 0 0 0 0 1 254 255 255
    255 254 255 254 255 255 253 2 2 0 255 255 255 255 254 255 255 255
    255 0 1 0 0 0 0 1 0 1 254 251 255 253 255 255 254 251 255 0 0 0 255
    253 255 253 255 251 254 255 255 0 1 0 0 0 0 3 0 0 0 255 255 254 255
    253 255 255 253 255 0 1 253 255 255 255 253 255 254 255 255 0 1 0 0
    0 0 0 0 3 0 0 255 255 255 255 252 255 255 251 255 0 255 253 254 254
    255 252 253 255 255 0 1 0 0 0 0 3 0 0 1 0 255 252 254 253 254 255
    252 255 255 0 255 252 254 255 254 254 255 255 255 0 1 0 0 0 0 0 0 0
    0 2 254 255 255 255 255 255 255 255 252 255 255 255 254 253 255 255
    250 255 255 0 1 0 0 0 0 2 0 1 1 0 254 255 252 253 253 255 254 254
    255 255 254 253 255 255 254 255 255 255 255 0 1 0 0 0 0 0 0 0 0 1
    255 252 255 255 255 254 255 255 255 255 255 255 252 255 255 252 255
    252 255 254 0 1 0 1 0 0 0 2 0 255 255 255 255 255 255 255 255 255
    255 1 253 254 255 255 252 255 253 255 252 255 255 0 1 0 2 0 3 0 255
    255 254 253 255 255 255 255 255 255 255 0 254 255 251 255 255 255
    255 252 255 252 255 255 255 0 0 3 0 254 255 254 255 252 255 255 255
    255 255 255 255 1 0 255 255 255 252 252 255 255 253 255 252 255 255
    255 255 254 255 255 253 253 253 255 255 255 255 255 255 255 255 2 0
    255 252 255 255 255 255 251 255 255 255 255 255 255 254 255 255 249
    255 255 254 255 252 255 255 255 255 255 255 0 0 0 255 252 255 254
    252 254 254 255 255 255 255 255 255 255 255 255 255 254 255 255 255
    255 255 255 255 255 255 1 0 3 0 255 255 255 254 255 252 255 255 253
    255 254 254 254 255 254 254 255 253 255 253 255 255 255 255 255 255
    2 0 0 0 0 2 250 255 253 255 255 254 255 253 255 255 255 254 255 255
    255 255 255 254 255 255 255 255 255 255 0 2 2 0 2 0 0 0 254 255 255
    254 255 253 253 255 255 255 255 255 255 255 255 254 254 255 254 255
    254 254 0 0 0 4 0 0 2 1 1 0 0 0 3 1 3 0 1 0 0 253 255 253 252 255
    254 255 253 255 255 255 0 0 2 1 0 1 3 0 1 1 3 1 0 1 0 2 0 4 0 3 253
    254 255 255 255 252 255 254 252 255 5 0 0 0 0 0 0 3 0 2 0 0 0 2 0 0
    0 0 0 0 1 255 255 251 251 255 255 255 255 1 0 0 0 0 2 0 3 0 0 1 0 3
    0 0 2 0 0 3 1 0 0 255 254 255 255 254 253 255 253 1 0 1 3 253 255
    253 254 255 0 0 2 0 3 3 0 0 2 1 0 4 3 252 255 252 255 255 253 255
    254 0 0 3 251 255 255 255 253 255 255 255 0 1 0 1 1 0 0 1 0 0 254
    255 254 255 255 254 255 254 255 0 2 253 255 255 254 255 253 255 252
    255 255 255 1 0 0 0 2 0 2 255 255 254 255 254 254 255 254 253 3 0 0
    255 255 253 255 255 254 255 254 255 255 254 255 255 0 0 0 254 255
    255 252 255 255 254 254 255 252 255 4 0 2 1 254 255 255 255 255 254
    255 253 255 255 248 255 255 255 255 253 252 255 255 253 255 254 255
    253 255 255 0 1 0 0 255 255 253 255 252 255 255 254 255 254 255 255
    254 253 253 255 255 255 254 255 253 255 255 255 253 0 3 0 2 0 254
    254 255 254 252 255 254 255 253 255 255 254 255 255 255 255 255 253
    255 254 253 255 255 252 255 2 0 0 0 0 0 255 253 255 255 255 254 255
    255 253 255 252 253 253 251 255 255 255 255 255 255 253 255 0 0 0 1
    1 0 3 0 0 255 255 255 254 254 255 254 255 254 255 255 255 255 255
    254 254 252 255 253 253 0 3 0 0 1 0 0 0 2 3 0 252 255 255 255 254
    255 252 255 255 250 255 255 254 254 255 255 252 3 1 1 0 0 0 0 0 0 2
    0 0 1 2 0 255 254 255 252 255 254 255 255 254 255 253 255 253 0 0 0
    0 0 2 1 1 0 2</data></Mat>
</opencv_storage>
