<?xml version="1.0"?>
<opencv_storage>
<Mat type_id="opencv-matrix">
  <rows>34</rows>
  <cols>27</cols>
  <dt>u</dt>
  <data>
    0 0 0 0 0 0 0 0 0 0 0 0 0 0 0 0 0 0 0 0 0
       255 255 0 0 0 0 0 255 255 255 255 255 0 0 0 0 0
       0 0 0 0 0 0 0 255 255 255 255 255 255 255 255 0 0
       255 255 255 255 255 255 0 0 0 0 0 0 0 0 0 0 255
       255 255 255 255 255 255 255 255 0 0 255 255 255 255
       255 255 0 0 0 0 0 0 0 0 0 255 255 255 255 255 255
       255 255 255 0 0 0 255 255 255 255 255 255 255 0 0
       0 0 0 0 0 0 255 255 255 255 255 255 255 255 0 0 0
       0 255 255 255 255 255 255 255 0 0 0 0 0 0 0 255
       255 255 255 255 255 255 255 255 0 0 0 0 255 255 255
       255 255 255 0 0 0 0 0 0 0 255 255 255 255 255 255
       255 255 0 0 0 0 0 0 255 255 255 255 255 255 0 0 0
       0 0 0 255 255 255 255 255 255 255 255 0 0 0 0 0 0
       0 255 255 255 255 255 255 255 0 0 0 0 255 255 255
       255 255 255 255 255 0 0 0 0 0 0 0 0 0 255 255 255
       255 255 255 0 0 0 0 255 255 255 255 255 255 255 0
       0 0 0 0 0 0 0 0 0 255 255 255 255 255 255 0 0 0
       255 255 255 255 255 255 255 0 0 0 0 0 0 0 0 0 0
       0 255 255 255 255 255 255 255 255 255 255 255 255
       255 255 255 0 0 0 0 0 0 0 0 0 0 0 255 255 255
       255 255 255 255 255 255 255 255 255 255 255 0 0 0 0
       0 0 0 0 0 0 0 0 0 0 255 255 255 255 255 255 255
       255 255 255 255 255 0 0 0 0 0 0 0 0 0 0 0 0 0 0
       0 255 255 255 255 255 255 255 255 255 255 255 0 0 0
       0 0 0 0 0 0 0 0 0 0 0 0 0 255 255 255 255 255
       255 255 255 255 255 0 0 0 0 0 0 0 0 0 0 0 0 0 0
       0 0 0 255 255 255 255 255 255 255 255 255 255 0 0
       0 0 0 0 0 0 0 0 0 0 0 0 0 0 0 255 255 255 255
       255 255 255 255 255 255 0 0 0 0 0 0 0 0 0 0 0 0
       0 0 0 0 0 255 255 255 255 255 255 255 255 255 255
       255 0 0 0 0 0 0 0 0 0 0 0 0 0 0 0 0 255 255
       255 255 255 255 255 255 255 255 255 255 0 0 0 0 0
       0 0 0 0 0 0 0 0 0 255 255 255 255 255 255 255 255
       255 255 255 255 255 255 0 0 0 0 0 0 0 0 0 0 0 0
       0 255 255 255 255 255 255 255 0 0 255 255 255 255
       255 255 0 0 0 0 0 0 0 0 0 0 0 0 255 255 255 255
       255 255 0 0 0 255 255 255 255 255 255 255 0 0 0 0
       0 0 0 0 0 0 0 255 255 255 255 255 255 0 0 0 0
       255 255 255 255 255 255 255 0 0 0 0 0 0 0 0 0 0
       255 255 255 255 255 255 0 0 0 0 0 0 255 255 255
       255 255 255 255 0 0 0 0 0 0 0 0 255 255 255 255
       255 255 0 0 0 0 0 0 255 255 255 255 255 255 255
       255 0 0 0 0 0 0 0 255 255 255 255 255 255 0 0 0
       0 0 0 0 255 255 255 255 255 255 255 255 0 0 0 0 0
       0 255 255 255 255 255 255 0 0 0 0 0 0 0 0 255 255
       255 255 255 255 255 255 0 0 0 0 0 255 255 255 255
       255 255 0 0 0 0 0 0 0 0 0 255 255 255 255 255 255
       255 255 0 0 0 0 255 255 255 255 255 255 255 0 0 0
       0 0 0 0 0 0 255 255 255 255 255 255 255 255 0 0
       255 255 255 255 255 255 255 255 0 0 0 0 0 0 0 0 0
       255 255 255 255 255 255 255 255 255 0 255 255 255
       255 255 255 255 255 0 0 0 0 0 0 0 0 0 0 0 255
       255 255 255 255 255 255 255 0 255 255 255 255 255
       255 0 0 0 0 0 0 0 0 0 0 0 0 0 255 255 255 255
       255 255 255 0 0 255 255 255 0 0 0 0 0 0 0 0 0 0
       0 0 0 0 0 0 0 0 0 0 255 0</data></Mat>
</opencv_storage>
