<?xml version="1.0"?>
<opencv_storage>
<dataType>MRZ</dataType>
<length>37</length>
<data_creation_time_>"Wed Aug 26 12:39:48 2015&#x0a;"</data_creation_time_>
<MRZData>
  <_ type_id="opencv-matrix">
    <rows>34</rows>
    <cols>23</cols>
    <dt>u</dt>
    <data>
      0 0 0 0 255 255 255 255 255 255 255 255 255 255 255 255 255 0 0 0
      0 0 0 0 0 0 255 255 255 255 255 255 255 255 255 255 255 255 255
      255 255 255 0 0 0 0 0 0 0 255 255 255 255 255 255 255 255 255 255
      255 255 255 255 255 255 255 0 0 0 0 0 0 255 255 255 255 255 255
      255 255 0 0 255 255 255 255 255 255 255 255 0 0 0 0 255 255 255
      255 255 0 0 0 0 0 0 0 0 0 255 255 255 255 255 0 0 0 0 255 255 255
      255 0 0 0 0 0 0 0 0 0 0 0 255 255 255 255 255 0 0 0 255 255 255 0
      0 0 0 0 0 0 0 0 0 0 0 0 255 255 255 255 0 0 255 255 255 255 0 0 0
      0 0 0 0 0 0 0 0 0 0 255 255 255 255 255 0 255 255 255 255 0 0 0 0
      0 0 0 0 0 0 0 0 0 255 255 255 255 255 0 255 255 255 255 0 0 0 0 0
      0 0 0 0 0 0 0 0 255 255 255 255 255 255 255 255 255 255 0 0 0 0 0
      0 0 0 0 0 0 0 0 0 255 255 255 255 255 255 255 255 255 0 0 0 0 0 0
      0 0 0 0 0 0 0 0 255 255 255 255 255 255 255 255 255 0 0 0 0 0 0 0
      0 0 0 0 0 0 0 255 255 255 255 255 255 255 255 255 0 0 0 0 0 0 0 0
      0 0 0 0 0 0 255 255 255 255 255 255 255 255 255 0 0 0 0 0 0 0 0 0
      0 0 0 0 0 255 255 255 255 255 255 255 255 255 0 0 0 0 0 0 0 0 0 0
      0 0 0 0 255 255 255 255 255 255 255 255 255 0 0 0 0 0 0 0 0 0 0 0
      0 0 255 255 255 255 255 255 255 255 255 255 0 0 0 0 0 0 0 0 0 0 0
      0 0 255 255 255 255 255 255 255 255 255 255 0 0 0 0 0 0 0 0 0 0 0
      0 0 255 255 255 255 255 255 255 255 255 255 0 0 0 0 0 0 0 0 0 0 0
      0 0 255 255 255 255 255 255 255 255 255 255 0 0 0 0 0 0 0 0 0 0 0
      0 0 255 255 255 255 255 255 255 255 255 255 0 0 0 0 0 0 0 0 0 0 0
      0 0 255 255 255 255 255 255 255 255 255 255 0 0 0 0 0 0 0 0 0 0 0
      0 0 255 255 255 255 255 255 255 255 255 255 0 0 0 0 0 0 0 0 0 0 0
      0 0 255 255 255 255 255 255 255 255 255 255 0 0 0 0 0 0 0 0 0 0 0
      0 0 255 255 255 255 255 0 255 255 255 255 0 0 0 0 0 0 0 0 0 0 0 0
      0 255 255 255 255 255 0 255 255 255 255 255 0 0 0 0 0 0 0 0 0 0 0
      255 255 255 255 255 0 0 255 255 255 255 255 0 0 0 0 0 0 0 0 0 0 0
      255 255 255 255 255 0 0 255 255 255 255 255 0 0 0 0 0 0 0 0 0 0
      255 255 255 255 255 255 0 0 0 255 255 255 255 255 0 0 0 0 0 0 0 0
      0 255 255 255 255 255 255 0 0 0 255 255 255 255 255 255 255 255 0
      0 0 255 255 255 255 255 255 255 255 0 0 0 0 255 255 255 255 255
      255 255 255 255 255 255 255 255 255 255 255 255 255 255 0 0 0 0 0
      255 255 255 255 255 255 255 255 255 255 255 255 255 255 255 255 0
      0 0 0 0 0 0 0 255 255 255 255 255 255 255 255 255 255 255 255 255
      0 0 0 0 0 0</data></_>
  <_ type_id="opencv-matrix">
    <rows>33</rows>
    <cols>14</cols>
    <dt>u</dt>
    <data>
      0 0 0 0 0 0 0 255 255 255 255 255 255 0 0 0 0 0 0 0 255 255 255
      255 255 255 255 0 0 0 0 0 255 255 255 255 255 255 255 255 255 255
      0 0 255 255 255 255 255 255 255 255 255 255 255 255 0 255 255 255
      255 255 255 255 255 255 255 255 255 255 255 255 255 255 255 255
      255 255 255 255 255 255 255 255 255 255 255 255 255 255 0 0 255
      255 255 255 255 255 255 255 255 255 0 0 0 0 0 255 255 255 255 0
      255 255 255 0 0 0 0 0 0 255 255 255 255 0 0 255 0 0 0 0 0 0 0 255
      255 255 255 0 0 0 0 0 0 0 0 0 0 255 255 255 255 0 0 0 0 0 0 0 0 0
      0 255 255 255 255 0 0 0 0 0 0 0 0 0 0 255 255 255 255 0 0 0 0 0 0
      0 0 0 0 255 255 255 255 0 0 0 0 0 0 0 0 0 0 255 255 255 255 0 0 0
      0 0 0 0 0 0 0 255 255 255 255 0 0 0 0 0 0 0 0 0 0 255 255 255 255
      0 0 0 0 0 0 0 0 0 0 255 255 255 255 0 0 0 0 0 0 0 0 0 0 255 255
      255 255 0 0 0 0 0 0 0 0 0 0 255 255 255 255 0 0 0 0 0 0 0 0 0 0
      255 255 255 255 0 0 0 0 0 0 0 0 0 255 255 255 255 255 0 0 0 0 0 0
      0 0 0 255 255 255 255 255 0 0 0 0 0 0 0 0 0 255 255 255 255 255
      255 0 0 0 0 0 0 0 0 255 255 255 255 255 255 0 0 0 0 0 0 0 0 255
      255 255 255 255 0 0 0 0 0 0 0 0 0 0 255 255 255 255 0 0 0 0 0 0 0
      0 0 0 255 255 255 255 0 0 0 0 0 0 0 0 0 255 255 255 255 255 0 0 0
      0 0 0 0 0 0 255 255 255 255 255 0 0 0 0 0 0 0 0 0 255 255 255 255
      255 0 0 0 0 0 0 0 0 0 0 255 255 255 255 0 0 0 0 0 0 0 0 0 0 0 255
      255 255 0</data></_>
  <_ type_id="opencv-matrix">
    <rows>35</rows>
    <cols>20</cols>
    <dt>u</dt>
    <data>
      0 0 0 0 0 0 0 0 255 255 255 255 255 255 0 0 0 0 0 0 0 0 255 255
      255 255 255 255 255 255 255 255 255 255 255 255 0 0 0 0 0 255 255
      255 255 255 255 255 255 255 255 255 255 255 255 255 255 0 0 0 0
      255 255 255 255 255 255 255 255 255 255 255 255 255 255 255 255
      255 0 0 255 255 255 255 255 255 255 255 255 255 255 255 255 255
      255 255 255 255 0 0 255 255 255 255 255 0 0 0 0 0 0 0 255 255 255
      255 255 255 255 0 0 255 255 0 0 0 0 0 0 0 0 0 0 255 255 255 255
      255 255 0 0 0 0 0 0 0 0 0 0 0 0 0 0 0 255 255 255 255 255 255 0 0
      0 0 0 0 0 0 0 0 0 0 0 0 0 255 255 255 255 255 0 0 0 0 0 0 0 0 0 0
      0 0 0 0 0 255 255 255 255 255 0 0 0 0 0 0 0 0 0 0 0 0 0 0 0 255
      255 255 255 255 0 0 0 0 0 0 0 0 0 0 0 0 0 0 255 255 255 255 255 0
      0 0 0 0 0 0 0 0 0 0 0 0 0 255 255 255 255 255 255 0 0 0 0 0 0 0 0
      0 0 0 0 0 0 255 255 255 255 255 255 0 0 0 0 0 0 0 0 0 0 0 0 0 255
      255 255 255 255 255 255 0 0 0 0 0 0 0 0 0 0 0 255 255 255 255 255
      255 255 255 0 0 0 0 0 0 0 0 0 0 0 255 255 255 255 255 255 255 255
      0 0 0 0 0 0 0 0 0 0 0 255 255 255 255 255 255 255 255 0 0 0 0 0 0
      0 0 0 0 0 255 255 255 255 255 255 255 255 0 0 0 0 0 0 0 0 0 0 255
      255 255 255 255 255 255 255 0 0 0 0 0 0 0 0 0 0 0 255 255 255 255
      255 255 255 0 0 0 0 0 0 0 0 0 0 0 0 255 255 255 255 255 255 255 0
      0 0 0 0 0 0 0 0 0 0 0 255 255 255 255 255 255 255 0 0 0 0 0 0 0 0
      0 0 0 0 0 255 255 255 255 255 255 0 0 0 0 0 0 0 0 0 0 0 0 0 255
      255 255 255 255 255 0 0 0 0 0 0 0 0 0 0 0 0 0 0 255 255 255 255
      255 0 0 0 0 0 0 0 0 0 0 0 0 0 0 0 255 255 255 255 0 0 0 0 0 0 0 0
      0 0 0 0 0 0 0 255 255 255 255 255 0 0 0 0 0 0 0 0 0 0 0 0 0 0 0
      255 255 255 255 255 0 0 0 0 0 0 0 0 0 0 0 0 0 0 0 255 255 255 255
      255 0 0 0 0 0 0 0 0 0 0 0 0 0 0 0 255 255 255 255 255 255 255 255
      255 255 255 255 255 255 255 255 255 255 255 0 255 255 255 255 255
      255 255 255 255 255 255 255 255 255 255 255 255 255 255 0 255 255
      255 255 255 255 255 255 255 255 255 255 255 255 255 255 255 255
      255 0 255 255 255 255 255 255 255 255 255 255 255 255 255 255 255
      255 255 255 255 0 255 255 255 255 255 255 255 255 255 255 255 255
      255 255 255 255 255 255 255 0</data></_>
  <_ type_id="opencv-matrix">
    <rows>34</rows>
    <cols>23</cols>
    <dt>u</dt>
    <data>
      0 255 255 255 255 255 255 255 255 255 255 255 255 255 255 255 255
      255 255 255 0 0 0 0 255 255 255 255 255 255 255 255 255 255 255
      255 255 255 255 255 255 255 255 255 0 0 0 255 255 255 255 255 255
      255 255 255 255 255 255 255 255 255 255 255 255 255 255 0 0 0 0
      255 255 255 255 255 255 255 255 255 255 255 255 255 255 255 255
      255 255 255 255 0 0 0 0 0 0 0 0 0 0 0 0 0 0 255 255 255 255 255
      255 255 255 255 0 0 0 0 0 0 0 0 0 0 0 0 0 0 0 255 255 255 255 255
      255 255 0 0 0 0 0 0 0 0 0 0 0 0 0 0 0 255 255 255 255 255 255 255
      0 0 0 0 0 0 0 0 0 0 0 0 0 0 0 255 255 255 255 255 255 255 0 0 0 0
      0 0 0 0 0 0 0 0 0 0 0 255 255 255 255 255 255 255 0 0 0 0 0 0 0 0
      0 0 0 0 0 0 0 255 255 255 255 255 255 255 0 0 0 0 0 0 0 0 0 0 0 0
      0 0 0 255 255 255 255 255 255 255 0 0 0 0 0 0 0 0 0 0 0 0 0 0 0 0
      255 255 255 255 255 255 0 0 0 0 0 0 0 0 0 0 0 0 0 0 0 0 255 255
      255 255 255 255 255 0 0 0 0 0 0 0 0 0 0 0 0 0 0 0 255 255 255 255
      255 255 255 255 255 255 0 0 0 0 0 0 0 0 0 0 0 0 0 255 255 255 255
      255 255 255 255 255 255 255 0 0 0 0 0 0 0 0 0 0 0 0 255 255 255
