<?xml version="1.0"?>
<opencv_storage>
<Mat type_id="opencv-matrix">
  <rows>42</rows>
  <cols>25</cols>
  <dt>u</dt>
  <data>
    1 0 1 0 0 0 3 0 0 2 1 0 0 0 0 255 255 255 252 255 255 253 0 0 0 0 5
    0 2 0 0 2 0 2 0 0 2 0 1 255 255 253 254 255 255 255 255 255 0 0 2 0
    1 0 0 1 1 2 2 0 0 2 1 250 255 254 252 255 255 249 255 254 252 255 0
    2 0 0 0 2 0 0 0 0 2 0 1 253 255 255 255 255 252 254 255 255 254 255
    255 0 0 0 0 1 0 2 1 1 0 0 0 0 255 254 252 255 255 255 255 252 255
    255 255 254 255 0 2 0 0 4 0 0 0 0 2 0 254 255 255 255 255 253 254
    255 255 254 254 255 255 0 0 3 1 0 0 0 1 1 0 254 255 255 251 255 255
    255 255 255 255 255 254 255 255 255 0 1 0 0 2 0 0 1 255 255 255 255
    254 255 254 255 255 255 255 254 254 255 254 255 255 0 0 1 0 1 0 255
    255 254 255 254 255 255 254 255 255 253 255 255 255 255 255 255 255
    255 0 0 0 2 253 255 254 255 255 253 255 255 251 255 255 255 255 255
    255 255 255 255 255 255 255 0 6 0 252 255 253 253 255 255 255 255
    255 255 255 254 252 255 255 255 255 255 255 255 255 255 0 0 253 255
    253 255 252 255 254 254 254 255 252 255 255 255 255 255 255 255 255
    255 255 255 255 0 254 255 255 253 254 255 250 255 255 254 255 255
    252 255 255 254 255 255 255 255 255 255 255 255 0 255 255 249 255
    255 255 255 253 253 255 255 255 253 254 255 255 255 255 255 255 255
    255 255 255 0 0 255 254 255 254 255 255 255 255 255 253 254 255 255
    254 254 255 255 255 255 255 255 255 255 0 0 0 255 255 255 0 2 0 0 0
    0 0 255 254 255 255 255 255 255 255 255 255 255 255 0 0 0 0 0 0 0 0
    0 0 3 0 2 0 255 255 255 255 255 255 255 255 255 255 255 0 0 0 0 0 0
    0 0 0 3 0 0 0 0 2 253 254 255 255 255 255 255 255 255 255 0 0 0 0 0
    0 0 0 0 2 0 1 1 4 0 254 255 255 255 255 255 255 255 255 255 0 0 0 0
    0 0 0 0 0 0 0 0 0 0 2 255 252 255 255 255 255 255 255 255 255 0 0 0
    0 0 0 0 0 0 1 3 0 0 0 0 255 255 255 255 255 255 255 255 255 255 0 0
    0 0 0 0 0 0 0 1 0 0 1 3 0 255 251 255 255 255 255 255 255 255 255 0
    0 0 0 0 0 0 0 0 0 1 0 0 0 254 255 255 255 255 255 255 255 255 255
    255 0 0 0 0 0 0 0 0 0 0 1 1 0 3 255 253 255 255 255 255 255 255 255
    255 255 0 0 0 0 0 0 0 0 0 0 0 1 0 0 255 255 255 255 255 253 254 255
    254 255 254 0 0 0 0 0 0 0 0 0 0 0 1 0 0 255 255 255 253 255 255 255
    254 254 255 254 0 0 0 0 0 0 0 0 0 0 0 1 0 0 255 255 255 255 255 252
    255 254 255 254 255 0 0 0 0 0 0 0 0 0 0 0 1 0 0 255 255 255 255 250
    255 255 253 254 255 253 0 0 0 0 0 0 0 0 0 0 0 1 0 0 255 255 255 255
    255 254 255 255 255 250 255 0 0 0 0 0 0 0 0 0 0 0 1 0 0 255 255 255
    252 255 255 251 255 255 255 255 0 0 0 0 0 0 0 0 0 0 0 1 0 0 255 255
    255 255 251 255 255 255 251 255 0 0 0 0 0 0 0 0 0 0 0 0 1 0 0 255
    255 255 253 255 255 255 253 255 255 0 0 0 0 0 0 0 0 0 0 0 1 0 1 0
    255 255 254 254 255 255 253 255 255 252 2 0 0 0 0 0 0 0 0 0 2 0 0 0
    255 254 255 255 255 255 255 255 254 255 255 0 0 0 0 0 0 0 0 0 0 0 0
    3 1 255 250 255 255 252 254 254 255 254 255 255 0 0 0 0 0 0 0 0 0 0
    0 0 0 0 255 255 252 253 255 252 255 255 255 254 255 0 0 0 0 0 0 0 0
    0 0 0 2 1 0 255 255 255 255 252 255 253 255 254 255 255 255 0 0 0 0
    0 0 0 0 0 3 0 4 0 251 255 255 255 255 255 255 254 255 255 254 254 0
    0 0 0 0 0 0 0 0 0 2 0 2 255 253 255 254 253 254 255 255 255 254 254
    255 0 0 0 0 0 0 0 0 0 0 2 0 0 255 255 253 255 255 255 255 255 255
    253 255 253 0 0 0 0 0 0 0 0 0 0 1 0 0 0 255 255 255 255 255 254 255
    253 252 255 255 0 0 0 0 0 0 0 0 0 0 0 0 3 2 1 252 255 253 255 254
    250 255 255 0 0 0</data></Mat>
</opencv_storage>
