<?xml version="1.0"?>
<opencv_storage>
<Mat type_id="opencv-matrix">
  <rows>29</rows>
  <cols>38</cols>
  <dt>u</dt>
  <data>
    0 255 255 255 255 255 0 0 0 0 0 0 0 0 0 0 0 255 255 255 255 0 0 0 0
    0 0 0 0 0 0 0 255 255 255 255 255 255 255 255 255 255 255 255 255 0
    0 0 0 0 0 0 0 0 255 255 255 255 255 255 255 0 0 0 0 0 0 0 0 255 255
    255 255 255 255 255 255 255 255 255 255 255 255 0 0 0 0 0 0 0 0 255
    255 255 255 255 255 255 255 255 0 0 0 0 0 0 0 255 255 255 255 255
    255 255 255 255 255 255 255 255 255 255 0 0 0 0 0 0 0 255 255 255
    255 255 255 255 255 255 0 0 0 0 0 0 0 255 255 255 255 255 255 255 0
    255 255 255 255 255 255 255 0 0 0 0 0 0 0 255 255 255 255 255 255
    255 255 255 0 0 0 0 0 0 0 255 255 255 255 255 255 255 0 255 255 255
    255 255 255 255 0 0 0 0 0 0 0 255 255 255 255 255 255 255 255 255 0
    0 0 0 0 0 0 255 255 255 255 255 255 255 0 255 255 255 255 255 255
    255 0 0 0 0 0 0 0 255 255 255 255 255 255 255 255 255 0 0 0 0 0 0 0
    255 255 255 255 255 255 255 0 0 255 255 255 255 255 255 0 0 0 0 0 0
    0 255 255 255 255 255 255 255 255 255 255 0 0 0 0 0 0 255 255 255
    255 255 255 0 0 0 255 255 255 255 255 255 0 0 0 0 0 0 0 255 255 255
    255 255 255 255 255 255 255 0 0 0 0 0 0 255 255 255 255 255 255 0 0
    0 255 255 255 255 255 255 0 0 0 0 0 0 255 255 255 255 255 255 255
    255 255 255 255 0 0 0 0 0 0 255 255 255 255 255 255 0 0 0 0 255 255
    255 255 255 255 0 0 0 0 0 255 255 255 255 255 255 255 255 255 255
    255 0 0 0 0 0 0 255 255 255 255 255 0 0 0 0 0 255 255 255 255 255
    255 0 0 0 0 0 255 255 255 255 0 0 0 255 255 255 255 0 0 0 0 0 255
    255 255 255 255 255 0 0 0 0 0 255 255 255 255 255 255 0 0 0 0 0 255
    255 255 255 0 0 0 255 255 255 255 255 0 0 0 0 255 255 255 255 255
    255 0 0 0 0 0 0 255 255 255 255 255 0 0 0 0 255 255 255 255 0 0 0 0
    0 255 255 255 255 0 0 0 0 255 255 255 255 255 255 0 0 0 0 0 0 255
    255 255 255 255 255 0 0 0 255 255 255 255 0 0 0 0 0 255 255 255 255
    255 0 0 0 255 255 255 255 255 0 0 0 0 0 0 0 255 255 255 255 255 255
    0 0 255 255 255 255 255 0 0 0 0 0 255 255 255 255 255 0 0 255 255
    255 255 255 255 0 0 0 0 0 0 0 255 255 255 255 255 255 255 255 255
    255 255 255 255 0 0 0 0 0 255 255 255 255 255 255 255 255 255 255
    255 255 255 0 0 0 0 0 0 0 0 255 255 255 255 255 255 255 255 255 255
    255 0 0 0 0 0 0 0 255 255 255 255 255 255 255 255 255 255 255 0 0 0
    0 0 0 0 0 0 255 255 255 255 255 255 255 255 255 255 255 0 0 0 0 0 0
    0 255 255 255 255 255 255 255 255 255 255 255 0 0 0 0 0 0 0 0 0 255
    255 255 255 255 255 255 255 255 255 255 0 0 0 0 0 0 0 255 255 255
    255 255 255 255 255 255 255 255 0 0 0 0 0 0 0 0 0 255 255 255 255
    255 255 255 255 255 255 255 0 0 0 0 0 0 0 255 255 255 255 255 255
    255 255 255 255 255 0 0 0 0 0 0 0 0 0 0 255 255 255 255 255 255 255
    255 255 255 0 0 0 0 0 0 0 255 255 255 255 255 255 255 255 255 255
    255 0 0 0 0 0 0 0 0 0 0 255 255 255 255 255 255 255 255 255 0 0 0 0
    0 0 0 0 255 255 255 255 255 255 255 255 255 255 0 0 0 0 0 0 0 0 0 0
    0 255 255 255 255 255 255 255 255 255 0 0 0 0 0 0 0 0 0 255 255 255
    255 255 255 255 255 255 0 0 0 0 0 0 0 0 0 0 0 255 255 255 255 255
    255 255 255 255 0 0 0 0 0 0 0 0 0 255 255 255 255 255 255 255 255
    255 0 0 0 0 0 0 0 0 0 0 0 255 255 255 255 255 255 255 255 255 0 0 0
    0 0 0 0 0 0 255 255 255 255 255 255 255 255 255 0 0 0 0 0 0 0 0 0 0
    0 0 255 255 255 255 255 255 255 255 0 0 0 0 0 0 0 0 0 255 255 255
    255 255 255 255 255 0 0 0 0 0 0 0 0 0 0 0 0 0 255 255 255 255 255
    255 255 0 0 0 0 0 0 0 0 0 0 255 255 255 255 255 255 255 255 0 0 0 0
    0 0 0 0 0 0 0 0 0 0 255 255 255 255 255 0 0 0 0 0 0 0 0 0 0 0 0 255
    255 255 255 255 255 0 0 0 0 0 0 0</data></Mat>
</opencv_storage>
