<?xml version="1.0"?>
<opencv_storage>
<Mat type_id="opencv-matrix">
  <rows>45</rows>
  <cols>32</cols>
  <dt>u</dt>
  <data>
    0 1 0 0 0 2 0 0 0 2 0 255 255 255 252 255 255 253 255 254 1 1 0 2 1
    0 2 0 0 0 0 0 0 0 2 3 0 0 1 253 254 254 255 255 254 255 255 253 253
    254 254 255 252 255 253 0 0 0 0 0 0 3 0 1 2 0 0 1 1 3 255 255 254
    254 255 255 254 255 251 255 254 255 255 253 255 254 255 254 1 0 0 1
    0 0 2 0 0 0 0 0 2 252 254 254 255 253 254 255 253 255 255 253 255
    252 253 255 254 253 254 255 252 255 2 0 4 0 1 1 1 2 1 0 253 255 255
    254 255 255 253 255 254 253 252 255 255 255 255 255 255 255 255 252
    255 255 253 0 0 0 1 0 0 3 0 255 255 253 253 255 253 255 254 255 255
    254 255 255 255 255 255 252 254 255 254 255 254 254 253 255 2 0 1 3
    0 0 255 255 254 255 255 255 255 253 255 255 248 255 253 255 255 252
    254 255 255 252 255 253 255 255 255 250 255 4 0 0 0 1 254 255 254
    255 255 254 255 255 254 255 254 255 255 255 254 255 255 253 255 254
    252 255 255 255 252 255 255 254 1 2 0 255 253 255 254 253 255 254
    255 254 255 255 0 0 0 2 0 1 0 253 255 255 255 255 254 255 254 254
    255 255 0 0 0 255 255 252 255 255 255 255 255 255 255 1 0 0 1 0 2 0
    0 5 253 255 255 253 252 255 255 255 252 253 0 0 3 253 254 253 255
    255 254 255 251 255 252 0 0 0 2 0 0 1 0 2 254 255 253 255 255 255
    253 255 253 255 255 0 0 0 255 255 255 254 254 255 255 254 1 1 0 2 0
    0 0 5 0 0 2 255 255 253 254 254 255 255 255 250 254 0 1 2 0 254 254
    255 255 253 251 1 2 0 3 0 0 3 0 0 1 3 2 254 255 255 255 254 254 255
    251 255 0 2 3 0 2 1 1 0 1 0 2 1 0 0 0 3 0 0 1 0 0 0 253 254 253 255
    252 255 255 254 255 255 0 0 0 1 1 0 0 0 0 2 0 0 0 0 3 0 0 4 0 0 0 3
    255 255 255 253 255 252 255 255 255 0 1 1 0 0 0 2 0 0 1 0 0 0 0 2 1
    0 4 0 0 3 255 252 253 255 254 255 255 254 255 254 255 0 0 0 0 0 0 0
    0 0 0 0 0 3 0 0 2 0 3 0 255 255 255 255 255 255 255 255 253 255 253
    254 0 1 0 1 0 0 0 0 0 0 0 0 3 0 2 0 0 2 254 255 255 255 255 255 255
    255 255 255 255 254 255 4 1 0 0 0 0 0 0 0 0 0 0 0 0 1 0 2 0 254 255
    255 255 255 255 255 255 255 255 255 253 255 0 0 1 0 2 1 0 0 0 0 0 0
    0 0 4 0 0 1 255 254 255 253 255 255 255 255 255 255 255 255 255 254
    1 0 2 0 0 0 0 0 0 0 0 0 0 0 0 4 0 0 255 255 255 255 255 255 255 255
    255 255 255 255 253 254 2 0 0 0 1 0 0 0 0 0 0 0 0 0 1 1 1 2 252 255
    252 255 255 255 255 255 255 255 255 255 255 254 0 0 5 0 1 1 0 0 0 0
    0 0 0 0 0 0 1 0 255 255 255 255 255 255 255 255 255 255 255 255 254
    255 255 255 0 0 1 0 0 0 0 0 0 0 0 0 0 0 0 2 0 255 252 255 255 255
    255 255 255 255 255 255 255 253 255 253 255 0 0 0 0 2 0 0 3 0 2 0 1
    0 0 1 0 3 0 1 0 0 2 0 254 255 255 255 254 254 255 254 255 254 0 1 0
    0 1 3 0 4 0 0 0 5 0 0 3 0 1 0 2 1 0 0 3 253 254 255 255 254 252 255
    251 255 255 0 3 0 1 0 0 0 0 0 0 0 0 1 0 1 0 1 0 0 5 0 1 2 253 255
    252 255 255 254 255 253 253 0 0 0 0 4 0 2 3 0 2 2 3 0 2 0 0 1 0 1 0
    6 0 0 0 255 255 255 255 254 254 255 255 255 0 2 0 0 0 0 1 0 0 0 1 0
    0 2 0 1 0 0 0 0 0 1 2 255 255 249 255 252 255 255 252 255 0 0 2 2 0
    1 0 2 2 1 0 0 1 0 2 0 2 0 3 0 0 0 0 255 255 255 255 254 251 255 255
    253 0 1 0 0 4 0 0 1 0 0 0 7 0 0 2 0 0 0 0 0 1 1 0 255 254 253 255
    255 255 254 255 0 1 0 255 255 254 255 255 254 255 255 0 0 1 0 0 1 0
    0 0 0 0 0 5 252 255 255 255 251 255 255 253 255 254 255 255 255 253
    255 254 255 255 255 255 0 0 4 0 0 1 0 0 1 0 2 0 255 255 255 252 255
    254 255 255 255 255 253 255 255 255 254 255 254 255 252 254 3 0 0 0
    1 0 0 0 1 0 1 255 252 255 250 255 255 255 254 251 254 255 255 255
    251 255 254 255 254 252 255 255 253 0 5 0 2 0 0 2 0 0 255 255 255
    254 255 254 255 254 255 255 255 0 254 253 255 255 255 255 255 255
    253 255 255 255 250 1 0 3 0 0 255 254 254 251 255 255 255 255 255
    255 254 254 1 0 255 255 253 253 255 253 255 254 255 253 254 255 255
    255 255 255 251 255 255 255 255 255 252 255 255 255 254 255 255 255
    0 3 0 253 255 255 255 255 252 255 255 255 251 255 255 252 255 254
    255 254 255 255 253 255 255 254 255 255 255 255 255 0 0 1 0 0 255
    255 254 253 255 254 253 255 255 254 255 255 255 255 254 255 255 251
    255 255 254 255 254 255 255 252 0 5 0 0 3 0 0 254 255 254 255 255
    255 252 255 255 253 255 252 255 255 255 253 255 254 253 255 255 254
    254 255 255 1 0 1 0 4 0 0 1 254 255 255 255 255 255 255 254 255 255
    255 254 255 254 255 252 255 255 254 255 255 254 255 0 1 0 0 2 0 2 3
    0 2 250 255 255 255 253 254 255 253 254 255 255 255 255 255 255 255
    253 254 254 254 255 0 0 0 1 0 2 3 0 0 2 0 1 0 255 253 255 254 255
    255 255 255 255 254 252 252 255 255 254 255 255 0 2 0 0 0 1 0 0 0 1
    0 0 1 0 2 0 0 255 254 255 252 255 255 255 255 255 255 253 255 255 0
    0 1 0 0 2 1 0 0 2 3 0 1 0 3 1 0 0 0 0 2 1 0 255 253 253 255 253 252
    2 1 0 2 5 0 0 0 0 3 0 1</data></Mat>
</opencv_storage>
