<?xml version="1.0"?>
<opencv_storage>
<Mat type_id="opencv-matrix">
  <rows>46</rows>
  <cols>42</cols>
  <dt>u</dt>
  <data>
    0 255 254 255 255 247 8 0 253 255 254 245 11 3 0 4 0 0 0 0 0 0 0 0 0
    0 0 0 0 0 0 0 3 0 6 0 8 0 5 0 0 0 2 255 255 245 251 255 235 255 255
    246 250 255 242 255 255 252 255 255 255 255 255 255 255 255 255 255
    255 255 255 255 255 255 255 252 255 253 255 255 0 0 0 0 0 246 255
    254 255 254 253 251 249 255 255 245 255 241 249 255 253 253 253 253
    253 253 253 253 253 253 253 253 253 253 253 253 241 255 255 250 234
    244 255 3 0 0 0 255 255 239 255 252 247 250 248 255 250 252 255 255
    250 255 255 255 255 255 255 255 255 255 255 255 255 255 255 255 255
    255 255 242 251 255 255 255 255 253 0 0 7 246 255 255 248 255 255
    255 255 255 243 255 248 255 250 247 255 255 255 255 255 255 255 255
    255 255 255 255 255 255 255 255 242 255 247 255 240 255 240 243 0 0
    0 255 239 255 255 222 250 250 247 244 255 255 244 246 255 255 253
    253 253 253 253 253 253 253 253 253 253 253 253 253 253 253 251 255
    250 241 255 243 255 255 0 0 0 9 255 255 231 255 255 253 255 251 253
    252 255 255 255 249 255 255 255 255 255 255 255 255 255 255 255 255
    255 255 255 255 255 255 247 255 255 240 255 253 0 0 7 0 0 2 255 251
    255 251 251 255 247 253 253 255 244 255 255 255 255 255 255 255 255
    255 255 255 255 255 255 255 255 255 255 252 255 250 254 255 251 254
    0 0 0 0 0 0 0 0 0 0 0 0 0 0 0 0 0 0 0 13 0 2 1 6 3 255 251 254 255
    254 242 250 255 252 255 255 240 255 255 252 254 255 0 0 0 0 0 0 0 0
    0 0 0 0 0 0 0 0 0 0 7 0 11 7 0 1 0 1 255 255 237 255 255 246 255 255
    247 255 255 255 255 0 0 2 0 0 0 0 0 0 0 0 0 0 0 0 0 0 0 0 0 0 2 6 1
    0 13 0 0 8 3 246 255 242 255 255 255 240 255 255 251 238 14 0 6 3 0
    0 0 0 0 0 0 0 0 0 0 0 0 0 0 0 0 0 0 0 0 8 7 3 24 0 0 254 255 243 255
    255 247 255 252 255 252 255 0 10 5 0 0 0 0 0 0 0 0 0 0 0 0 0 0 0 0 0
    0 0 7 13 0 0 6 0 0 1 244 255 249 255 255 255 246 248 255 255 0 7 13
    0 0 0 0 0 0 0 0 0 0 0 0 0 0 0 0 0 0 0 0 0 0 0 10 0 0 11 6 2 255 250
    255 255 243 250 255 255 247 255 16 0 0 0 0 15 0 0 0 0 0 0 0 0 0 0 0
    0 0 0 0 0 0 0 6 0 7 11 0 0 9 250 240 249 255 255 255 244 255 243 22
    0 0 17 0 0 0 0 0 0 0 0 0 0 0 0 0 0 0 0 0 0 0 0 0 0 3 0 0 0 2 255 244
    255 255 254 255 244 255 255 239 6 0 18 0 0 3 3 0 8 0 0 0 0 0 0 0 0 0
    0 0 19 1 0 11 3 0 0 0 5 0 238 254 255 247 255 255 244 255 255 241
    255 16 0 0 0 0 0 0 0 0 0 0 0 0 0 0 0 0 0 0 0 14 0 2 11 4 0 0 11 0 0
    255 255 255 255 245 254 255 246 255 238 255 9 0 3 0 0 0 0 0 0 0 0 0
    0 0 0 0 0 0 0 0 0 0 2 14 0 0 0 15 0 1 252 255 248 241 255 250 255
    247 255 252 255 0 0 0 17 0 0 0 0 0 0 0 0 0 0 0 0 0 0 0 0 0 0 0 7 0 0
    17 0 0 0 3 255 247 255 243 254 255 245 255 255 255 0 0 23 0 0 0 0 0
    0 0 0 0 0 0 0 0 0 0 0 0 0 0 0 3 0 10 0 4 0 28 7 255 253 253 255 255
    255 255 237 253 246 252 10 6 0 1 23 0 0 0 0 0 0 0 0 0 0 0 0 0 0 0 0
    0 0 7 0 0 0 2 0 0 240 234 255 243 255 255 239 249 255 250 255 247 5
    0 8 0 0 0 0 0 0 0 0 0 0 0 0 0 0 0 0 0 0 0 0 0 0 6 0 10 0 255 255 255
    248 255 243 252 255 255 240 255 240 250 1 0 13 5 2 0 0 0 0 0 0 0 0 0
    0 0 0 0 0 0 0 0 0 0 13 0 13 0 252 253 254 255 255 247 255 252 251
    255 255 244 7 0 6 2 0 0 6 0 0 0 0 0 0 0 0 0 0 11 0 5 10 0 0 1 2 5 0
    0 0 0 255 250 255 255 251 255 255 255 255 249 255 0 0 0 0 0 0 0 0 0
    0 0 0 0 0 0 0 0 0 2 17 0 0 0 15 0 5 0 0 0 15 240 239 255 250 254 255
    243 255 248 255 255 0 0 0 0 0 0 0 0 0 0 0 0 0 0 0 0 0 0 0 0 0 0 23 0
    0 0 2 10 3 253 255 255 255 255 248 250 252 255 254 255 249 0 6 0 0 0
    0 0 0 0 0 0 0 0 0 0 0 0 0 0 0 0 17 0 0 2 8 5 4 0 255 255 242 246 255
    255 255 245 247 255 242 246 19 0 2 0 0 0 0 0 0 0 0 0 0 0 0 0 0 0 0 0
    0 3 0 10 14 2 0 11 0 255 248 243 255 244 255 243 254 255 255 252 255
    2 0 7 0 0 0 0 0 0 0 0 0 0 0 0 0 0 0 0 0 0 0 2 0 6 0 0 2 0 2 241 255
    249 244 255 255 246 255 252 251 249 0 17 0 16 0 0 0 0 0 0 0 0 0 0 0
    0 0 0 0 0 0 0 0 0 18 0 0 17 0 0 255 255 255 255 255 251 243 254 255
    255 0 22 6 0 0 1 0 0 0 0 0 0 0 0 0 0 0 0 0 0 0 0 0 0 0 0 6 2 0 5 251
    255 249 255 239 255 249 255 255 255 253 6 0 0 5 0 0 6 0 0 0 0 0 0 0
    0 0 0 0 0 0 0 0 0 0 0 0 3 0 1 8 0 255 253 252 254 253 255 247 255
    252 241 2 0 22 0 11 1 8 0 0 0 0 4 0 0 4 0 0 2 0 2 0 5 10 0 2 0 0 3 4
    1 0 255 255 242 255 248 255 254 247 251 255 7 10 2 0 5 2 0 9 0 0 1 2
    0 0 0 0 2 1 0 24 0 4 0 0 11 0 0 0 0 25 0 7 255 243 255 255 255 248
    248 255 255 0 12 0 13 0 13 6 0 4 15 10 0 0 0 0 0 0 0 0 30 0 0 11 0
    13 1 7 0 0 8 0 12 237 255 241 255 245 249 255 255 248 255 0 0 18 0 0
    0 7 2 0 1 0 2 1 8 6 6 8 1 2 0 0 9 14 0 0 5 0 0 0 2 249 255 252 252
    255 253 252 255 252 255 244 255 251 0 0 3 19 4 0 0 11 0 24 0 0 0 0 0
    0 0 0 0 23 0 0 10 3 0 3 0 0 255 255 250 255 255 231 246 255 255 244
    255 255 248 255 255 248 255 244 0 1 13 0 24 0 2 1 255 255 255 255 1
    2 7 0 255 255 255 3 4 0 0 0 247 247 255 255 252 255 255 242 255 248
    241 255 255 243 255 255 253 255 255 249 252 255 227 255 255 250 255
    251 251 255 250 255 255 255 255 255 233 255 241 9 0 0 251 255 255
    242 255 239 250 255 248 255 255 255 243 255 238 255 252 255 243 255
    255 243 255 254 253 255 248 255 255 248 255 253 253 255 255 255 249
    255 241 255 0 0 255 255 255 249 253 255 254 255 255 254 255 253 249
    255 255 255 245 255 242 255 255 255 244 255 253 253 253 253 253 253
    253 253 253 253 253 253 253 253 253 253 255 5 255 251 255 255 254
    252 255 251 251 255 252 254 255 255 251 255 255 255 255 255 236 255
    255 255 255 255 255 255 255 255 255 255 255 255 255 255 255 255 255
    255 244 6 247 255 255 255 253 245 255 255 255 255 245 253 255 255
    255 247 255 247 255 253 255 255 235 255 255 255 255 255 255 255 255
    255 255 255 255 255 255 255 255 255 255 0 15 239 255 236 255 255 254
    245 245 254 255 255 236 255 239 15 0 0 18 0 239 255 252 255 254 254
    254 254 254 254 254 254 254 254 254 254 254 254 254 254 243 0 0 0 0
    18 0 0 21 0 0 21 0 0 18 0 0 0 0 9 0 15 0 0 10 255 255 255 255 255
    255 255 255 255 255 255 255 255 255 255 255 255 249 39 0 36 4 0 3 0
    0 9 9 0 0 3 0 4 36 0 5 0 12 0 7 2 0 7 0 0 0 0 0 0 0 0 0 0 0 0 0 0 0
    0 0 0</data></Mat>
</opencv_storage>
