<?xml version="1.0"?>
<opencv_storage>
<Mat type_id="opencv-matrix">
  <rows>42</rows>
  <cols>31</cols>
  <dt>u</dt>
  <data>
    1 254 255 255 255 251 255 253 255 255 255 255 255 255 255 255 255
    255 255 255 255 255 255 255 255 255 255 254 0 0 0 254 254 254 255
    254 254 253 255 255 255 255 255 255 255 255 255 255 255 255 255 255
    255 255 255 255 253 254 255 253 255 0 255 254 255 250 255 255 255
    255 255 255 255 255 255 255 255 255 255 255 255 255 255 255 255 255
    255 255 252 253 255 254 255 254 255 255 255 254 255 252 255 255 255
    255 255 255 255 255 255 255 255 255 255 255 255 255 255 255 253 255
    255 252 255 253 255 255 252 252 254 255 254 255 255 255 255 255 255
    255 255 255 255 255 255 255 255 255 255 255 254 255 252 254 254 255
    253 252 255 255 255 255 254 255 254 255 255 255 255 255 255 255 255
    255 255 255 255 255 255 255 255 254 255 255 255 255 252 254 0 252
    255 253 253 255 254 255 255 255 255 255 255 255 255 255 255 255 255
    255 255 255 255 255 255 252 254 252 255 255 255 1 0 0 255 255 254
    254 255 255 255 255 255 255 255 255 255 255 255 255 255 255 255 255
    255 254 255 255 254 255 254 253 0 2 1 2 0 1 255 0 1 0 1 0 0 0 3 0
    255 255 255 255 254 253 255 255 255 255 253 255 255 255 0 2 0 0 0 0
    0 3 3 0 5 0 2 0 0 2 0 1 0 255 253 255 255 255 255 253 253 255 255
    255 2 1 0 1 0 0 2 0 0 0 2 0 1 0 0 1 1 2 0 0 0 255 251 252 255 255
    255 255 255 0 0 0 2 0 2 0 0 0 1 0 4 2 0 0 0 2 0 0 0 0 0 255 251 255
    255 252 255 255 255 0 0 0 1 0 0 0 6 0 0 0 0 0 0 0 0 1 0 2 1 1 1 0
    255 255 254 254 254 255 254 255 0 2 0 3 2 2 0 0 0 0 2 1 0 0 2 0 0 4
    0 0 0 0 255 255 255 254 255 255 253 255 0 2 1 0 0 0 0 0 2 1 2 0 0 2
    0 3 1 0 0 0 1 1 255 255 254 254 252 255 254 255 255 1 0 0 3 1 1 1 0
    0 2 0 2 0 0 1 0 0 2 0 0 1 255 255 254 254 255 254 254 255 253 0 0 2
    1 1 0 1 0 0 0 0 0 0 0 0 1 0 4 0 0 2 0 254 255 254 255 253 255 255
    254 255 0 0 0 0 0 0 0 0 0 0 0 0 0 0 0 0 0 0 3 0 0 255 255 254 255
    255 255 255 253 255 254 0 0 0 0 0 0 0 0 0 0 0 0 0 0 0 0 4 0 0 2 0
    253 255 255 251 255 254 253 255 255 0 0 0 0 0 0 0 0 0 0 0 0 0 0 0 0
    2 0 2 0 0 255 252 255 255 254 252 255 255 255 253 1 0 0 0 0 0 0 0 0
    0 0 0 0 0 0 0 1 0 0 0 255 255 255 253 255 255 255 253 255 249 4 0 0
    0 0 0 0 0 0 0 0 0 0 0 0 0 0 0 1 2 3 252 253 255 255 252 255 255 255
    255 255 0 0 0 0 0 0 0 0 0 0 0 0 0 0 0 0 0 1 0 0 255 254 254 255 254
    255 253 254 255 253 0 1 0 0 0 0 0 0 0 0 0 0 0 0 0 0 0 0 0 2 253 255
    254 255 255 255 255 253 255 254 255 0 1 0 0 0 0 0 0 0 0 1 0 1 0 0 0
    3 0 0 0 255 255 253 255 255 255 254 255 255 255 0 1 0 0 0 0 0 0 0 0
    0 0 5 0 2 0 0 2 0 0 1 255 253 255 254 255 254 255 255 254 255 2 0 5
    0 0 0 0 0 0 0 0 2 0 1 0 0 1 1 2 1 255 255 255 253 253 255 255 254
    255 254 1 0 2 0 0 0 0 0 0 0 0 0 2 0 0 0 2 0 0 0 0 252 254 252 255
    253 255 254 255 255 255 0 0 0 0 3 0 0 0 0 0 0 0 0 0 0 1 0 2 1 1 0
    255 255 255 255 253 255 255 255 251 254 0 0 0 1 0 0 0 0 0 0 0 0 0 2
    0 0 4 0 0 0 0 253 253 255 253 255 255 254 253 255 255 1 0 0 0 1 0 0
    0 0 0 0 0 0 3 1 0 0 0 1 1 255 253 255 254 255 255 252 255 255 254 0
    0 0 2 0 0 0 0 0 0 0 0 0 1 0 0 2 0 0 1 255 255 255 255 254 254 255
    255 255 254 255 1 0 1 0 1 0 0 0 0 0 0 0 0 1 0 1 0 2 0 0 255 255 255
    255 255 255 255 255 255 253 255 0 1 0 1 2 0 0 0 0 0 0 0 0 0 2 2 0 0
    0 255 252 255 255 255 255 255 255 255 255 255 255 0 1 1 0 0 4 0 0 0
    0 0 0 0 0 0 2 1 3 0 255 255 255 255 255 255 255 255 255 255 253 1 2
    0 0 3 0 0 0 0 0 0 0 0 0 3 0 0 2 0 1 254 254 255 255 255 255 255 255
    255 255 255 0 0 0 2 0 1 0 0 0 0 0 0 0 0 0 0 0 1 1 253 255 254 255
    255 255 255 255 255 255 255 255 3 1 2 0 0 0 2 0 0 0 0 0 0 0 0 0 5 0
    0 255 255 255 255 255 255 255 255 255 255 255 255 0 0 0 0 1 1 0 0 0
    0 0 0 0 0 0 0 0 0 0 255 251 253 255 255 255 255 255 255 255 255 253
    3 0 1 0 0 2 0 0 0 0 0 0 0 0 1 0 2 0 1 253 255 255 255 255 255 255
    255 255 255 255 255 0 0 0 0 2 0 1 0 0 0 0 0 0 0 1 0 0 1 0 0 255 255
    255 252 255 255 254 255 255 255 0 0 0 0 0 0 0 0 0 0 0 0 0 0 0 0 2 0
    0 7 0 0 0 254 255 255 255 252 255 255 1 0 0 0 0 0 0 0 0 0 0 0 0 0 0
    0</data></Mat>
</opencv_storage>
